4.39040 2.81950 4.48652 4.49892 0
5.47750 3.81448 4.88014 6.91499 0
5.38423 3.43319 4.24969 6.05418 0
5.27630 3.23047 5.45041 7.01653 0
4.15453 5.07671 3.86207 4.61761 0
5.25614 3.63369 5.83922 5.22785 0
4.83032 3.25005 3.87100 5.65866 0
3.87636 3.14787 4.51371 6.63806 0
4.59491 2.68235 4.17986 5.25926 0
5.94590 3.74001 7.26446 1.86601 1
5.63966 2.14973 4.38892 5.88821 0
5.04656 3.70813 4.40354 4.74069 0
4.89413 2.83641 3.27325 5.81632 0
4.21659 3.95309 4.20978 5.74798 0
4.75480 4.18985 5.10999 1.47366 1
4.54830 3.80621 4.15497 3.82084 0
4.76824 2.92312 4.22579 5.04212 0
5.92518 3.76655 4.08058 4.10734 0
8.12491 4.60843 6.16318 2.56558 1
4.72305 2.45972 4.74013 6.59990 0
5.71917 3.50436 4.88848 5.69298 0
7.70432 2.70371 6.33056 2.79362 1
3.73940 3.20001 6.07656 0.87444 1
5.20527 2.70592 6.02280 4.59063 0
6.16794 4.64544 4.22654 4.82398 0
5.75529 4.30445 6.52204 6.29893 0
5.09264 4.31356 5.39241 1.83093 1
4.63830 4.35142 3.34648 6.84844 0
6.17291 3.74440 6.92049 2.46377 1
5.66042 3.14865 3.37430 3.88401 0
5.16431 3.22206 3.00701 3.92313 0
2.92805 4.34094 2.55949 5.45740 0
5.62179 4.36490 5.03675 2.80894 0
5.68151 4.73496 4.00985 4.66313 0
7.05898 3.52963 5.37559 0.67180 1
4.29719 3.27019 4.99852 5.37635 0
4.27696 3.04233 4.29473 5.14660 0
6.28145 3.29302 5.76056 1.18244 1
6.45268 3.19806 4.80148 2.13126 1
4.43398 3.30194 5.77013 5.00490 0
4.60814 5.73450 3.71068 4.38225 0
4.52289 5.45591 4.82884 2.67556 1
4.62846 3.09237 5.49423 5.73388 0
6.47813 2.95450 5.37202 3.12740 1
6.01380 2.64299 3.80541 6.22755 0
4.42645 4.41223 5.24760 4.02600 0
3.95779 4.32322 3.67494 3.70576 0
5.00554 5.46034 6.20254 1.77933 1
8.54562 3.51423 4.89140 1.25058 1
5.91321 3.42379 5.12780 5.92604 0
5.43144 2.95553 7.46687 1.12780 1
5.59316 4.37867 6.60115 1.74336 1
5.24813 4.44227 4.89586 5.73197 0
3.99944 4.73458 5.38086 6.33352 0
7.17186 3.20214 5.92884 2.99267 1
4.52189 2.55899 5.26513 5.41671 0
4.25444 4.05679 4.66393 5.27351 0
5.48989 3.69690 5.05127 5.47642 0
7.95719 4.01034 6.13964 3.25137 1
5.87960 4.20881 7.21355 1.17667 1
4.52309 3.34917 3.29347 4.65206 0
5.49024 3.94450 6.80455 1.70555 1
5.24954 2.44673 4.77535 5.01651 0
6.20287 4.47822 5.76130 1.95593 1
5.86592 4.67804 6.19745 1.74412 1
6.28058 3.20496 4.42989 6.71106 0
7.07238 4.10990 6.28881 1.62232 1
4.33761 2.94270 4.16515 5.11178 0
5.54903 4.20764 1.87998 5.88890 0
6.63679 3.09014 6.28332 1.14786 1
4.09700 4.51230 4.21227 6.19625 0
5.50953 2.89916 3.49177 5.47139 0
4.91468 4.25578 4.87261 4.96530 0
6.63873 4.13646 6.54631 2.40905 1
5.15509 3.68382 4.02377 4.35551 0
4.63765 3.36824 3.73799 4.93532 0
5.94746 4.25352 4.93749 3.49775 0
3.00092 3.78963 2.76036 4.61054 0
5.84893 3.45970 4.98680 4.22790 0
5.66574 3.93001 3.88221 5.58138 0
5.80082 5.42466 5.56300 3.32359 1
3.60817 3.37183 3.76921 5.44426 0
3.66529 3.93888 3.72520 5.31034 0
3.84711 4.70178 4.30442 4.50150 0
7.26679 3.37321 4.46676 3.76467 0
4.37478 2.76429 5.41789 4.62297 0
5.36508 4.14990 4.57645 4.40602 0
6.40316 4.27710 5.63406 3.11970 1
3.25688 3.90248 4.08399 3.39992 0
6.71214 5.02090 7.68213 0.89845 1
6.55523 2.28835 2.05315 4.02647 0
6.18673 4.52369 6.43031 1.25441 1
6.20414 4.11312 5.20027 2.88662 1
6.08038 4.62649 6.93106 3.25439 1
4.15679 2.66492 3.33939 4.13508 0
6.48966 2.98436 3.55490 5.99314 0
5.60044 2.58968 5.63569 1.79083 1
4.19925 2.34971 4.21373 4.67442 0
6.39172 5.63978 6.96945 2.44888 1
7.14255 3.12055 4.43699 2.72139 1
5.83701 1.17324 5.93712 5.59387 0
7.80433 4.00305 5.65859 1.79520 1
4.41303 2.83160 4.82219 4.29423 0
5.91175 3.79233 5.72857 1.11071 1
5.06844 4.03760 4.98353 3.44928 0
4.23348 3.73677 4.24658 3.48386 0
5.52932 2.70942 6.30981 1.33650 1
5.74561 3.67280 4.97461 5.39636 0
5.75494 4.48979 3.75724 4.71417 0
6.11438 3.55348 5.36801 1.54128 1
5.63680 2.10804 4.55324 4.43182 0
3.82699 4.34238 5.54837 4.52781 0
5.90750 3.92798 5.02338 5.07248 0
5.16198 2.97331 4.63589 5.79590 0
4.71249 3.10403 4.74066 4.74911 0
7.13420 2.60928 4.45277 6.11925 0
5.41201 4.99297 4.11530 5.79331 0
5.11033 3.83238 6.05878 3.70104 0
4.73168 4.40758 4.84219 5.84304 0
4.32826 2.25909 3.38918 5.58296 0
5.53557 3.17929 5.34462 3.36730 1
5.24722 3.84026 4.71846 3.33336 0
6.56313 3.07076 6.87176 3.59606 1
5.07259 3.45355 4.88028 4.56538 0
8.42670 5.71333 6.18934 3.62413 1
4.43557 3.42862 4.18349 6.76039 0
4.32844 3.09382 4.50932 3.92841 0
7.46498 3.31836 6.67333 1.59263 1
4.87443 2.95301 5.25372 6.05484 0
7.56495 4.27016 5.97261 1.02845 1
3.67396 3.62023 4.71599 5.30501 0
6.17360 4.08488 7.03420 0.52713 1
4.24411 3.61005 5.23131 5.21214 0
4.68610 4.71619 7.46302 2.76967 1
4.33561 2.55681 4.45718 6.11582 0
5.67977 3.60817 5.78836 5.91298 0
5.75661 2.49780 2.18187 5.64174 0
4.60391 2.61660 6.82261 3.07526 0
5.01086 3.32575 4.89266 4.95855 0
3.88480 5.05561 4.46878 4.48389 0
6.09422 3.24070 6.28370 2.52124 1
7.19266 2.77944 6.07848 2.92294 1
6.16306 3.62167 3.42341 4.56916 0
5.12781 2.59391 4.19293 4.34908 0
6.68198 4.18776 4.67366 2.74998 1
4.36031 5.12639 3.27321 3.67163 0
3.99071 3.10716 4.03845 5.04874 0
4.68963 3.20018 2.92810 4.46980 0
6.47431 4.46349 4.58713 0.37529 1
6.44018 4.88572 4.71458 5.43640 0
6.76637 4.80696 6.30890 1.43078 1
6.75551 2.35031 3.43169 5.96851 0
5.50505 3.45880 2.74751 6.95409 0
5.99965 5.60389 6.24081 3.76390 1
6.06625 3.09629 3.89680 5.21997 0
6.55061 5.92999 4.75500 2.31803 1
6.09141 3.87514 5.27187 4.39904 0
4.40764 2.31827 3.15049 5.64539 0
7.46688 4.59768 5.58591 1.87684 1
4.90929 3.90341 5.76705 4.94107 0
7.90991 2.68759 7.52570 1.78375 1
5.62813 5.74807 5.07325 2.48940 1
7.18043 4.54743 5.28978 2.09595 1
5.31839 4.11126 3.63440 6.18608 0
5.59962 2.87391 6.21461 2.05579 1
5.39946 2.57383 4.84354 6.28980 0
5.27066 3.59784 6.24821 2.49926 1
5.51719 3.45869 3.72239 5.31605 0
6.22317 3.89197 7.37194 2.02399 1
6.72531 3.37055 4.12601 5.11527 0
4.56940 3.22986 5.45008 1.46616 1
3.54127 3.46208 4.09589 5.67660 0
4.37983 3.83466 5.51032 5.52724 0
6.40229 3.63985 5.22173 1.94302 1
5.33818 2.32302 4.29435 4.33979 0
6.35070 3.93985 4.96712 4.55675 0
5.28277 4.93666 3.87963 5.88990 0
5.69438 2.21718 6.84886 6.68898 0
6.21073 4.08405 6.73091 2.16337 1
5.40514 3.53248 5.56184 4.88526 0
6.02234 3.15525 3.95608 4.00338 0
4.45974 5.07703 3.80780 5.11672 0
4.34076 3.36523 5.75293 5.07283 0
5.80278 4.04136 4.45971 4.85146 0
5.45201 4.04938 5.23431 4.75835 0
5.80127 3.61290 4.56396 1.86013 1
4.46798 3.10049 3.65889 5.02598 0
5.56829 2.40720 4.48122 4.20685 0
6.79133 4.89576 6.25593 5.91149 0
5.54679 5.62472 6.01537 4.92610 0
6.36100 5.35456 6.96291 2.51153 1
6.60175 2.85039 3.63416 4.11968 0
4.74905 2.84812 4.75330 6.06979 0
6.13154 3.78480 5.89633 2.71620 1
5.08822 3.50062 4.62155 5.87660 0
5.95650 4.95885 5.96218 1.58485 1
3.61903 2.76483 3.73562 6.21504 0
4.84531 3.34118 3.60372 4.99325 0
5.41086 4.61723 4.28122 5.08866 0
6.40011 5.26960 5.63603 4.93412 0
5.30230 3.37846 6.78356 0.31216 1
6.00120 4.10243 4.26851 3.95920 0
5.88995 3.97803 5.40655 4.97674 0
6.82033 5.02318 6.39577 1.08320 1
6.05093 4.73152 7.00173 5.02952 0
4.65044 4.84684 5.41765 5.70659 0
4.40454 3.74020 4.89441 5.65125 0
4.97933 4.79413 5.50610 4.19946 0
5.89723 4.08730 2.68999 5.20740 0
6.91921 4.61291 6.74019 1.17467 1
6.19925 3.75364 3.94070 5.70803 0
6.25252 4.00170 5.72192 2.74322 1
3.93334 3.03561 4.16325 5.43068 0
7.95221 4.12194 6.34173 1.00352 1
4.66385 3.31098 4.24691 5.23708 0
4.80748 2.64618 6.10324 1.11151 1
5.74626 4.77987 5.52449 1.77338 1
7.43859 2.70974 5.92218 2.03350 1
6.28876 2.94279 3.98807 4.62698 0
5.83281 4.59029 5.89505 5.86335 0
6.87081 3.52316 4.75069 3.49264 0
7.10346 2.25437 4.61631 4.92759 0
5.27776 4.57830 5.36815 6.02574 0
6.12991 3.84854 5.40390 5.38291 0
5.66949 3.21949 4.37330 4.82403 0
5.24670 4.04123 4.79036 6.35416 0
5.17910 2.29829 4.26033 6.91718 0
4.67085 3.73748 4.77747 1.13473 1
4.65733 2.97889 4.55405 6.06733 0
5.19510 4.16486 5.30944 1.12616 1
5.74635 3.93559 7.19368 0.09607 1
5.26370 4.81353 6.38778 4.81996 0
5.63943 4.09270 4.76646 6.48838 0
5.29308 6.02482 6.09602 1.45302 1
4.01906 3.28223 4.43323 7.12710 0
5.68507 3.41968 4.45480 6.06602 0
4.66397 4.84336 6.69094 1.70516 1
6.08614 2.45195 4.93724 4.47972 0
5.56104 4.36652 4.19505 5.19029 0
5.28233 4.27822 8.01576 2.56991 1
4.88212 3.64807 3.54228 4.77375 0
5.00795 3.27751 3.10595 5.03563 0
7.15644 3.98461 5.54310 2.49119 1
5.83785 2.83902 6.68711 3.94481 0
6.40192 4.08235 4.31260 2.43151 1
6.32407 3.85024 6.04961 2.70797 1
6.52544 3.36472 6.79048 2.94598 1
5.74872 4.99602 6.52150 3.15678 1
6.63712 2.89833 5.49563 2.93711 1
4.74208 2.32584 3.99587 3.09499 0
5.81006 3.85766 6.04357 5.43603 0
4.25395 1.79684 6.00147 5.67922 0
4.61245 5.29987 5.42961 5.17485 0
5.05330 4.21271 7.27007 1.30810 1
4.76179 2.91401 4.17124 3.52628 0
5.62339 2.12144 3.58118 5.14300 0
7.37073 3.89584 6.23976 2.06202 1
7.44848 4.32954 5.03400 0.79417 1
7.14940 3.66868 5.05591 5.38215 0
4.25302 4.74452 3.80205 4.28700 0
4.74259 2.10847 4.31248 4.41071 0
4.45378 3.59194 4.00287 5.70484 0
3.72608 2.38482 5.31121 5.31043 0
5.04536 3.90453 6.60851 5.05802 0
5.49514 3.13477 7.05487 1.45631 1
5.31656 3.93716 3.64680 3.80906 0
4.21560 4.47861 5.85581 5.45253 0
5.42645 3.38944 5.25530 4.61083 0
4.56731 3.19273 6.42813 1.40834 1
3.78016 5.29339 2.67158 6.36088 0
6.51693 2.82133 4.95545 5.58878 0
6.82100 3.91438 3.98796 4.74419 0
5.89805 3.40551 3.29540 6.89421 0
3.53238 3.91185 2.54512 4.17580 0
4.00487 5.31255 4.20287 4.42334 0
6.33073 4.27052 4.52341 4.74396 0
4.06652 3.53545 5.99611 4.38010 0
5.18844 3.27590 5.19751 5.72133 0
5.19337 2.68358 5.36658 5.66793 0
4.51722 2.52870 5.56360 4.97200 0
6.38110 4.69816 6.13607 1.23466 1
5.48760 3.91695 5.15581 0.04507 1
4.86309 2.58766 4.89173 5.43736 0
4.74797 3.04015 3.10576 3.68506 0
6.20135 4.01284 4.51928 6.22930 0
6.30741 3.29051 4.97206 5.25696 0
6.09112 3.74306 6.59749 3.02178 1
6.35784 5.71927 6.12259 1.55732 1
4.95882 4.16727 5.81763 0.78859 1
6.49529 3.98587 8.27960 2.14849 1
5.82899 4.89127 4.51081 3.59183 1
5.97478 4.19423 4.19940 4.10830 0
5.43814 4.34206 4.57742 3.23275 1
4.81972 2.54809 4.82753 4.20224 0
7.72975 3.49580 6.75201 1.05064 1
4.03557 2.47033 5.35900 4.30588 0
5.89797 3.74724 6.36123 2.88642 1
4.78257 2.05489 5.61223 6.06771 0
6.56300 3.83509 5.12247 6.09952 0
5.17940 1.78079 5.26702 4.71686 0
5.40513 4.77770 5.58292 1.11341 1
5.48023 3.23008 4.16671 5.45899 0
4.99020 3.86701 4.98403 3.31180 1
4.63870 1.58200 4.75450 5.05051 0
4.60095 2.50073 4.54977 5.48155 0
7.13587 5.04270 6.56508 1.01672 1
5.26533 2.64823 4.47183 5.37393 0
7.54758 5.72277 6.69332 2.04000 1
7.47319 3.38257 3.67617 4.42993 0
4.96778 3.93283 4.70477 6.40490 0
3.83688 3.52603 3.89305 5.05098 0
5.15539 3.48080 4.60327 5.01315 0
5.47226 4.42940 5.26888 5.31490 0
4.01204 4.37404 4.99423 3.71343 0
3.71944 4.90982 3.69997 6.30765 0
4.67326 4.59774 4.84289 5.13567 0
5.71800 4.55742 3.66179 4.55395 0
5.00642 3.81357 3.99647 5.23116 0
6.40535 3.37865 4.85689 4.32737 0
4.22607 3.62027 5.47376 2.04471 1
6.59765 3.33657 6.57542 3.36256 1
6.32189 3.19395 5.05118 5.31758 0
5.43950 3.78524 4.01213 5.98897 0
6.09944 3.71855 4.59409 5.18556 0
5.51553 3.88662 3.15088 7.11529 0
5.92530 4.75945 3.83939 3.83484 0
5.68929 3.56669 5.41379 5.40202 0
6.60182 3.82607 5.18766 3.25773 1
5.28820 3.19608 6.17232 4.74221 0
6.65196 4.55532 5.68454 2.33144 1
3.75890 3.15618 4.86262 4.97205 0
6.02249 4.99358 6.06857 2.77222 1
5.26593 3.74463 5.06183 3.45978 0
4.46474 4.78416 5.92305 3.04829 1
5.68206 4.28030 3.98300 5.96805 0
3.70852 1.96340 4.09570 6.07773 0
4.70753 0.82177 5.06411 5.49119 0
6.18177 5.41641 7.46132 2.52604 1
6.54790 4.17826 4.44427 1.25202 1
6.97309 5.26672 6.47225 1.65222 1
7.20551 4.41333 3.75359 6.10137 0
5.75428 3.44590 6.21485 5.02797 0
4.34120 3.78000 4.83534 5.46764 0
4.72841 3.34785 5.56482 5.68579 0
6.58567 4.38351 5.75194 1.74660 1
4.58470 3.71964 5.08502 5.22773 0
6.15992 3.38974 4.54514 3.71833 0
5.97134 2.97114 4.99668 6.65834 0
5.12054 3.83552 4.00424 4.76958 0
6.22408 4.72107 6.07088 3.95251 1
6.06955 5.44757 5.47522 2.42838 1
4.20033 3.25191 4.15789 5.52938 0
4.18940 3.99266 4.25477 7.38226 0
4.94358 3.64785 5.42387 2.63034 0
5.47691 4.18808 5.91777 1.22528 1
5.26214 3.85996 5.73252 3.73975 0
3.57087 3.70158 3.14910 5.85606 0
3.43335 3.93350 4.14021 5.09837 0
5.05065 3.57364 3.82122 4.56399 0
4.96119 4.48145 3.95228 6.47879 0
5.20260 4.37217 4.88585 1.09800 1
4.80057 1.76452 3.54373 5.13841 0
5.93602 4.66380 5.39626 1.63568 1
4.45546 3.23970 3.84330 3.54240 0
5.02851 3.86571 5.37297 4.85113 0
7.89367 3.46715 5.80830 1.44359 1
2.93292 3.58160 3.36200 4.41064 0
4.69951 3.27831 5.11235 4.20749 0
5.60529 4.36930 4.45641 5.46034 0
6.58741 5.10711 5.61332 1.58577 1
4.05213 2.94338 5.96052 2.78212 1
4.78248 3.35318 6.13458 5.71210 0
6.67160 4.05875 5.88140 0.43140 1
4.67104 4.91286 5.31004 1.12198 1
5.92472 3.18845 4.32599 6.10757 0
4.33785 3.14539 5.49474 4.59876 0
7.20591 3.68207 4.83507 1.26146 1
6.54400 3.71110 5.08569 4.89564 0
5.73743 4.06999 3.49964 4.64568 0
6.73083 2.72033 4.15266 0.31908 1
4.65451 3.80241 5.22592 5.11820 0
5.97804 4.84299 3.74057 1.13028 1
7.52354 2.27545 6.47534 2.22610 1
4.28558 5.28235 4.33393 5.81826 0
5.31775 3.53507 5.36584 0.63310 1
5.02532 2.51201 5.04608 4.94166 0
3.60325 3.10336 6.14170 4.83191 0
4.22916 4.83423 3.33274 4.61373 0
6.92329 3.93593 7.35013 3.29004 1
6.50724 3.75740 6.48146 1.88909 1
5.91710 4.97491 6.28876 4.03108 1
5.76641 3.41281 6.83491 1.24538 1
6.09876 3.38900 5.92910 2.92787 1
4.71450 3.16384 5.54551 2.79279 0
5.79209 4.09183 4.12031 4.36184 0
2.56106 4.59986 4.04482 4.69243 0
4.29412 5.20375 4.10571 4.02983 0
5.01629 3.77843 3.67483 6.60264 0
3.86169 1.79153 3.98108 5.25429 0
4.26167 1.78058 4.26201 5.23677 0
5.07759 3.02890 2.76444 5.62678 0
3.30405 2.96939 3.54931 5.80251 0
3.66725 4.04207 5.70964 5.00570 0
3.72756 2.41799 5.94201 4.04201 0
4.99348 3.79614 4.82317 6.38760 0
4.78088 3.65096 4.93427 2.60072 0
7.27597 2.92146 4.61745 3.28689 1
4.90456 3.10427 5.82840 6.02988 0
5.31699 3.28486 4.54945 4.80379 0
3.48038 3.96914 3.95952 6.58965 0
3.46899 3.88323 5.30820 5.14908 0
6.14456 4.78468 5.35550 1.67202 1
6.44564 4.18436 6.02878 1.89824 1
3.61488 2.32755 6.25514 5.77777 0
4.69957 2.84322 3.63631 4.32468 0
5.27656 3.70636 4.74871 4.05474 0
5.50950 4.50647 4.83098 6.66445 0
5.60708 2.61994 3.80089 5.39152 0
5.34612 4.03133 4.77818 5.50079 0
3.96910 3.81869 4.32115 4.05367 0
5.60476 4.34107 6.09673 2.53795 1
4.36952 3.30116 5.89270 2.41229 1
4.00081 2.53712 6.15462 4.97636 0
5.81815 3.33878 4.61968 5.54050 0
6.12981 2.76502 3.51290 0.99896 1
6.24790 2.76912 5.59086 5.54245 0
5.75385 5.44431 7.40966 2.48278 1
5.10130 5.66896 4.32634 4.86243 0
3.58575 2.90331 6.50975 5.01483 0
5.23298 4.35576 4.16646 5.17341 0
3.58201 3.19783 4.09339 5.11892 0
6.58943 4.28210 6.08670 1.59106 1
6.88666 3.92502 6.56043 1.37093 1
6.56468 5.01894 6.50867 2.88496 1
5.20608 4.97036 3.86366 4.27948 0
4.28978 2.17587 6.91011 4.73242 0
4.92679 3.64970 4.53453 5.16726 0
2.76299 4.15155 5.35312 4.42810 0
3.82301 4.01419 4.14291 5.93855 0
4.82520 3.39928 4.39252 4.99716 0
5.88618 3.51196 5.36418 3.45183 0
5.92974 5.53417 7.12652 2.62105 1
5.27590 5.31247 5.85063 1.19702 1
5.01954 3.76175 3.64819 4.78110 0
3.31803 3.73320 5.04663 5.17563 0
5.52033 3.63949 5.48506 0.95316 1
8.82329 4.38753 6.94015 0.57280 1
6.22776 5.86036 4.59803 1.85270 1
5.46405 5.08986 4.56176 5.83532 0
6.48033 4.29925 5.15031 1.04948 1
4.69501 2.78566 4.44591 4.75223 0
3.96453 3.28883 5.50117 5.03099 0
4.53275 4.77469 5.89211 0.91579 1
5.89458 4.06557 3.56988 5.06428 0
5.77140 3.62311 7.60147 3.24702 1
4.37155 4.06350 4.58444 5.74408 0
5.44837 3.42839 3.66970 4.35666 0
4.92026 4.50748 7.42901 5.26660 0
4.84347 2.77292 5.20457 4.14095 0
5.78894 2.48501 4.94112 6.17758 0
5.39442 3.69115 5.94312 6.64368 0
5.02849 5.70597 4.87265 5.95037 0
6.60243 4.14512 5.67152 2.00824 1
5.08353 4.11265 4.83254 5.97676 0
6.13278 3.54702 6.70942 1.75047 1
5.45336 5.80805 6.25543 1.06831 1
6.55665 4.61983 5.48983 2.74159 1
5.64877 2.81892 6.43778 1.93803 1
5.86001 4.88810 4.70302 1.72439 1
5.80011 3.56806 5.29564 5.16649 0
6.14738 5.64357 6.57571 1.48472 1
5.25506 4.31445 6.05169 3.18371 1
3.74512 2.94820 4.90592 5.26733 0
4.23447 3.79054 5.31342 6.32001 0
5.74873 3.32176 4.42235 4.97533 0
4.35631 3.46395 3.62596 5.83427 0
5.67039 3.60993 3.78389 4.88806 0
5.76837 3.14352 3.72513 4.72701 0
5.38871 4.88749 6.00862 4.86334 0
5.14863 4.08795 4.21563 5.42910 0
5.26251 2.05248 4.76860 5.18355 0
6.64582 4.24198 4.01260 4.74470 0
6.14203 3.42770 6.64675 1.64629 1
4.48699 3.20575 4.45554 4.82804 0
5.09398 4.25441 5.10602 4.76858 0
5.22036 3.20169 3.10795 5.51256 0
7.02787 2.93460 6.84382 2.13981 1
6.22721 4.11811 5.05807 5.46028 0
4.86045 2.79027 4.62099 3.48125 0
5.70866 2.57068 4.48360 5.11340 0
4.63993 2.78705 5.13540 4.52798 0
3.76023 2.47381 3.86533 6.08123 0
6.68800 3.95627 4.74859 5.72285 0
4.55173 3.99172 2.63287 6.28275 0
4.57210 3.93774 3.53457 5.79913 0
6.25449 2.69515 4.62903 4.90478 0
5.90890 3.32246 3.96491 6.26411 0
4.06215 3.07053 5.17450 2.81495 0
4.22121 2.42653 4.98237 5.18416 0
5.66142 4.48855 3.86791 2.97748 1
6.82508 4.56749 3.25654 2.55405 1
6.88463 4.57651 5.33387 0.98033 1
4.38076 2.48221 5.04607 4.61223 0
4.60199 3.16903 3.44761 5.79579 0
5.57229 3.26377 5.00751 4.22468 0
4.66059 4.84412 4.38998 2.31838 1
5.27858 2.76345 5.41820 6.36715 0
4.56180 3.13972 4.37988 5.49691 0
4.81257 2.92454 6.14012 5.99101 0
5.27202 5.48223 5.41793 5.06447 0
4.74751 2.34525 3.64575 4.70298 0
6.37168 5.23233 6.95353 1.80600 1
5.19988 4.50071 4.53979 4.24201 0
6.19948 2.52672 5.73671 2.52211 1
6.63139 4.62527 5.30650 2.86515 1
5.83183 2.97737 3.64431 5.70949 0
3.41885 3.83654 5.27055 3.60061 0
4.32865 2.24351 5.04409 4.57784 0
4.04654 2.90569 4.22874 5.18097 0
6.64311 3.62695 4.69122 2.47531 1
5.07013 5.17058 4.68935 5.45784 0
3.79531 3.03224 4.47569 3.60142 0
4.59032 4.50198 4.94781 4.63954 0
5.52223 3.26961 5.11757 4.56087 0
5.99676 3.71148 5.37180 6.42244 0
5.98807 1.72070 3.47117 5.96675 0
5.30473 2.84195 3.99267 5.52107 0
6.27763 4.67220 6.13927 3.94585 1
5.09545 2.07225 3.68817 3.77140 0
4.98407 3.05542 5.44522 5.55331 0
6.40110 4.03247 5.12586 3.88870 0
6.16024 4.08060 5.93330 0.86917 1
5.65010 4.69731 6.95113 1.51153 1
3.40192 3.13312 4.14344 5.65437 0
5.01016 3.56205 3.95656 4.99032 0
6.21460 4.15376 7.20450 1.33517 1
5.74089 5.28187 5.75690 3.80533 1
4.62986 4.71682 6.40761 2.88278 1
5.71758 4.88680 6.42898 0.50704 1
4.79820 1.99638 3.87286 5.34005 0
3.71855 3.95875 4.72514 5.66758 0
4.11698 2.28528 3.03949 6.85175 0
5.08544 5.57211 4.48065 6.32672 0
6.07582 4.64143 7.61304 2.61576 1
6.40571 1.70031 4.95876 5.70527 0
7.35997 4.30264 5.93351 0.79616 1
4.45973 3.85756 4.87216 7.09940 0
5.79912 4.70243 6.67152 3.15051 1
3.89186 4.71176 5.76764 5.28085 0
6.29457 3.10444 4.86751 5.99346 0
4.69958 5.14629 6.11922 0.52745 1
5.09046 2.79455 3.92718 4.29183 0
5.00013 2.37674 4.24150 4.24500 0
6.58960 3.63244 6.48138 3.51739 1
4.39507 4.95201 3.41156 5.33640 0
5.84275 3.81248 3.70114 5.37939 0
6.22142 4.64840 6.12345 1.72899 1
5.35657 2.88075 6.08139 2.01233 1
5.29550 3.28455 5.18251 1.44342 1
5.66419 2.92654 4.61092 3.68576 0
5.05163 4.67750 3.63859 4.81201 0
4.52009 4.96031 4.83334 3.00752 0
6.12392 2.99458 4.72267 5.18274 0
5.41201 3.72832 7.05044 1.85968 1
6.77524 3.55000 4.30470 4.77653 0
4.69781 4.41776 4.42820 5.01824 0
4.78491 3.73062 6.82221 1.36601 1
5.82616 2.80808 3.66453 5.17252 0
6.21117 4.35206 5.63805 2.21956 1
5.10488 4.56144 5.88090 2.08432 1
4.46986 1.01220 6.48024 3.64626 0
4.70497 2.51982 4.49779 5.27091 0
3.35755 3.40326 4.80103 6.04533 0
5.77344 4.19018 6.35545 3.30886 1
4.55088 3.28637 4.81725 5.56848 0
5.25281 2.47558 4.35731 6.46249 0
5.81791 5.43092 7.39982 2.01254 1
5.14996 4.98196 5.02723 4.32001 0
3.30955 2.74179 4.77269 5.44981 0
4.86033 2.74152 3.06203 4.29598 0
5.38994 4.73134 5.00813 7.57947 0
4.52842 4.57527 5.25499 5.87672 0
4.61419 3.49597 4.58614 6.50839 0
5.02272 3.30510 4.51967 4.99948 0
6.28236 3.41249 4.59362 1.70272 1
6.07465 2.59136 3.54241 4.70201 0
5.57961 3.37583 4.93154 4.11230 0
4.38596 3.59282 2.25061 4.05750 0
5.39991 3.57099 5.42156 2.98920 1
5.80889 4.00247 3.74744 7.47469 0